4 224
4 79
4 148
4 232
12 13
12 261
12 88
12 105
13 261
13 231
24 151
24 166
24 41
24 43
41 166
41 43
41 152
41 42
41 74
41 75
42 166
42 152
42 116
42 74
42 120
43 152
43 238
43 239
43 142
43 163
43 237
43 236
43 75
45 209
45 231
45 144
45 148
45 232
48 50
48 143
48 142
48 163
48 230
48 100
48 68
48 246
50 246
50 143
50 142
68 246
68 100
68 186
68 90
68 249
68 158
74 75
74 194
75 236
75 263
75 262
79 224
79 107
79 234
79 113
79 114
79 144
79 148
79 232
87 209
87 261
87 88
88 261
90 186
90 234
90 113
90 249
100 186
100 164
100 161
100 230
107 224
107 137
107 170
107 164
107 234
107 113
113 114
113 249
113 234
114 249
114 125
114 211
114 144
114 148
116 244
116 120
116 152
120 244
120 243
120 127
125 158
125 249
125 211
125 231
127 243
127 128
128 243
128 152
137 224
137 170
137 233
140 141
140 202
140 229
140 262
140 263
141 237
141 236
141 263
141 262
141 229
141 162
142 143
142 239
142 163
143 239
144 148
144 211
144 231
148 232
151 238
152 166
158 246
158 249
161 162 
161 163
161 230
161 164
161 170
162 163
162 229
162 233
162 170
163 230
163 237
164 186
164 234
164 170
170 234
170 233
202 229
211 231
229 233
229 237
231 261
234 249
236 237
236 263
238 239
243 244
262 263